m: 8.144343315378922e-06
b: 9.140900422903542e-05
y = 8.144343315378922e-06x + 9.140900422903542e-05
 y in m and x in pixels